Clusters
1
2
3
4
5
6
7
8
9
10
11
12
13
14
15
16
17
18
19
20
21
22
23
24
25
26
27
28
29
30
31
32
33
35
36
37
38
39
40
41
42
43
44
45
46
47
48
49
50
51
52
53
54
55
56
57
58
59
60
61
62
63
64
65
66
68
69
71
72
73
74
75
76
77
78
79
80
81
82
83
84
85
86
87
88
89
90
91
92
93
94
96
97
98
100
101
102
103
104
105
106
107
108
109
110
111
112
113
114
115
116
117
118
119
120
121
122
123
124
125
126
127
128
129
130
133
134
135
136
137
138
139
141
142
143
144
145
146
147
148
149
150
151
152
153
154
155
156
157
158
159
160
163
164
166
167
168
170
171
172
173
174
175
176
177
178
179
180
181
182
183
184
185
186
187
188
190
191
192
193
195
196
197
198
199
200
201
202
204
206
207
208
211
213
214
215
217
219
222
224
225
226
266
267
268
269
270
271
275
276
277
286
287
290
295
298
301
302
303
304
305
306
307
311
312
313
314
316
317
318
320
322
323
324
325
329
330
331
332
333
334
335
336
337
340
341
344
346
347
349
351
352
353
357
358
359
360
361
362
363
364
365
366
367
368
369
370
371
372
373
374
375
376
377
378
379
381
382
383
386
387
390
391
392
393
394
395
397
399
400
401
404
405
406
407
408
409
411
413
415
417
418
419
421
422
423
424
426
428
429
430
431
432
437
438
439
440
441
445
449
450
451
452
453
454
455
456
457
458
459
461
462
463
464
466
467
468
469
473
476
477
478
481
482
483
484
485
486
488
490
491
492
493
495
496
497
500
501
502
503
504
505
506
507
508
509
512
514
515
516
517
519
520
522
523
525
527
528
530
531
532
533
534
537
538
539
540
541
543
544
546
547
548
551
553
555
556
557
558
559
560
561
562
563
564
566
567
568
569
570
571
572
573
575
578
579
581
582
583
586
588
589
590
591
592
593
594
595
596
597
598
599
600
601
602
603
604
605
607
608
609
610
613
614
617
618
620
621
623
624
625
626
628
630
631
632
633
636
637
638
640
643
648
651
653
655
657
658
659
660
661
662
663
664
666
667
668
669
671
673
675
679
680
681
682
684
685
687
689
690
691
693
694
696
697
698
699
700
701
703
706
707
708
709
710
714
715
716
717
718
720
723
724
725
727
728
730
733
735
737
738
739
740
741
743
747
748
749
751
753
754
755
757
758
759
760
761
762
764
765
766
768
769
770
771
772
773
774
775
776
778
779
782
783
785
786
787
788
790
793
794
795
796
797
800
801
802
805
806
810
812
814
815
816
817
819
821
822
823
824
825
826
827
828
830
832
833
834
835
836
837
838
839
840
841
843
844
845
846
851
854
855
856
858
859
861
862
863
864
865
866
867
868
869
870
871
872
873
874
875
876
877
880
881
883
884
888
889
890
891
892
893
894
895
897
899
905
909
912
913
914
915
917
918
919
920
924
928
930
931
932
933
934
936
937
940
941
942
945
946
950
951
953
954
955
956
957
958
959
960
961
962
963
964
965
966
967
968
970
973
976
978
979
980
981
983
984
985
986
987
989
991
992
993
994
995
996
997
1000
1001
1002
1003
1006
1007
1008
1009
1010
1012
1013
1015
1021
1022
1023
1025
1026
1029
1030
1031
1032
1035
1036
1038
1039
1040
1042
1043
1046
1047
1048
1049
1050
1051
1052
1053
1054
1055
1057
1059
1061
1062
1064
1066
1067
1068
1071
1073
1074
1076
1077
1078
1083
1084
1090
1091
1092
1093
1094
1095
1096
1098
1099
1101
1102
1103
1105
1106
1110
1111
1112
1113
1114
1115
1116
1118
1120
1121
1122
1123
1126
1127
1128
1129
1130
1132
1133
1134
1135
1136
1137
1138
1139
1141
1142
1144
1145
1146
1147
1148
1149
1150
1151
1153
1154
1155
1156
1157
1160
1161
1162
1163
1166
1167
1168
1169
1172
1173
1174
1176
1178
1179
1180
1181
1182
1183
1184
1185
1186
1187
1189
1191
1193
1194
1197
1198
1199
1200
1201
1204
1205
1206
1207
1208
1209
1210
1213
1214
1215
1216
1217
1219
1220
1221
1222
1224
1225
1227
1229
1230
1231
1232
1233
1234
1235
1236
1240
1241
1242
1244
1245
1246
1248
1249
1254
1255
1257
1260
1261
1262
1263
1264
1265
1267
1272
1273
1274
1275
1276
1282
1284
1286
1289
1290
1291
1294
1295
1296
1298
1299
1300
1303
1304
1306
1307
1311
1313
1314
1315
1316
1317
1318
1321
1323
1324
1325
1326
1327
1329
1331
1332
1333
1336
1337
1338
1339
1340
1342
1343
1346
1347
1350
1354
1358
1359
1361
1362
1364
1366
1368
1369
1372
1373
1374
1375
1378
1379
1380
1381
1383
1384
1386
1387
1388
1390
1391
1393
1397
1401
1403
1405
1406
1408
1410
1412
1413
1414
1416
1421
1424
1426
1427
1428
1429
1430
1432
1433
1434
1436
1437
1438
1443
1444
1445
1446
1447
1448
1449
1450
1451
1456
1457
1458
1459
1460
1461
1462
1463
1464
1467
1468
1472
1473
1474
1475
1478
1480
1482
1483
1488
1489
1490
1492
1493
1494
1495
1496
1497
1500
1501
1502
1503
1506
1507
1508
1510
1511
1514
1515
1516
1521
1524
1525
1526
1527
1528
1529
1532
1533
1536
1537
1538
1540
1541
1542
1547
1548
1549
1550
1553
1555
1556
1557
1558
1560
1562
1567
1568
1575
1580
1581
1582
1583
1584
1585
1586
1589
1591
1593
1594
1595
1598
1601
1602
1605
1607
1611
1612
1613
1617
1618
1622
1623
1624
1625
1631
1633
1634
1635
1636
1637
1639
1640
1642
1645
1647
1648
1649
1651
1653
1657
1660
1664
1669
1670
1671
1673
1679
1680
1681
1682
1684
1686
1688
1690
1691
1696
1702
1705
1707
1708
1709
1711
1714
1715
1716
1718
1719
1720
1721
1723
1726
1727
1728
1729
1730
1731
1734
1735
1736
1737
1738
1741
1743
1744
1746
1747
1748
1749
1751
1757
1760
1763
1764
1765
1766
1767
1770
1771
1773
1774
1775
1776
1777
1778
1779
1780
1782
1784
1785
1786
1787
1788
1789
1790
1791
1795
1796
1800
1801
1802
1810
1811
1812
1813
1818
1819
1822
1823
1826
1827
1828
1832
1835
1838
1839
1843
1844
1845
1846
1847
1848
1849
1850
1851
1852
1853
1855
1857
1859
1861
1866
1867
1868
1869
1870
1871
1873
1875
1878
1879
1880
1881
1887
1888
1889
1890
1891
1892
1893
1894
1895
1897
1898
1899
1900
1901
1902
1903
1904
1905
1906
1910
1911
1912
1915
1918
1919
1921
1922
1924
1925
1927
1928
1929
1930
1932
1934
1937
1942
1947
1948
1949
1950
1951
1952
1953
1954
1955
1959
1961
1962
1963
1966
1967
1969
1971
1973
1976
1979
1980
1981
1985
1986
1991
1997
1998
1999
2000
2001
2002
2003
2004
2005
2006
2007
2010
2013
2014
2017
2018
2020
2021
2025
2029
2032
2034
2036
2038
2039
2040
2041
2046
2048
2049
2051
2054
2055
2062
2064
2065
2068
2069
2071
2075
2077
2078
2079
2082
2083
2086
2089
2090
2091
2092
2093
2094
2096
2097
2098
2099
2100
2101
2102
2103
2107
2108
2109
2110
2113
2116
2119
2126
2127
2129
2133
2134
2135
2140
2141
2142
2145
2146
2148
2149
2155
2156
2157
2158
2159
2160
2161
2167
2171
2172
2174
2178
2179
2181
2183
2185
2186
2189
2194
2196
2201
2203
2204
2207
2210
2211
2218
2221
2227
2228
2231
2232
2235
2236
2239
2240
2241
2250
2251
2252
2253
2256
2257
2258
2261
2262
2268
2270
2274
2277
2282
2283
2284
2287
2288
2289
2291
2292
2293
2294
2295
2296
2299
2300
2301
2303
2304
2305
2306
2307
2308
2312
2318
2319
2321
2323
2326
2328
2329
2331
2333
2337
2338
2339
2343
2344
2345
2347
2351
2354
2355
2357
2358
2359
2360
2364
2365
2366
2373
2374
2375
2376
2377
2378
2379
2380
2383
2387
2388
2390
2391
2395
2399
2400
2403
2406
2407
2408
2409
2410
2411
2413
2414
2415
2417
2419
2420
2427
2429
2430
2431
2432
2433
2442
2443
2444
2445
2446
2447
2448
2450
2452
2455
2457
2460
2464
2465
2467
2468
2470
2472
2474
2475
2478
2479
2480
2481
2482
2483
2485
2486
2487
2488
2494
2496
2502
2503
2505
2507
2510
2514
2517
2524
2525
2527
2530
2531
2532
2533
2540
2542
2543
2545
2546
2551
2554
2555
2557
2558
2559
2561
2562
2563
2564
2565
2566
2567
2571
2575
2577
2580
2582
2586
2587
2588
2591
2597
2598
2603
2605
2606
2609
2610
2613
2625
2629
2630
2631
2633
2634
2635
2638
2639
2640
2641
2643
2645
2651
2653
2655
2656
2657
2660
2663
2665
2668
2670
2673
2675
2677
2678
2679
2680
2685
2690
2696
2698
2699
2700
2701
2704
2705
2708
2709
2714
2716
2720
2721
2723
2726
2727
2729
2730
2731
2733
2734
2741
2743
2744
2745
2749
2750
2753
2754
2756
2759
2761
2764
2766
2773
2774
2775
2776
2777
2778
2779
2780
2781
2782
2783
2785
2787
2789
2790
2793
2795
2796
2797
2800
2801
2803
2810
2811
2812
2813
2814
2815
2816
2817
2818
2821
2825
2833
2836
2837
2838
2843
2844
2845
2846
2848
2850
2851
2853
2854
2856
2858
2860
2863
2864
2866
2867
2868
2873
2874
2882
2883
2886
2889
2894
2895
2896
2897
2898
2899
2902
2903
2904
2905
2906
2917
2919
2920
2921
2923
2929
2930
2936
2937
2940
2941
2945
2946
2956
2957
2958
2961
2962
2963
2964
2966
2970
2971
2973
2974
2975
2976
2987
2988
2992
2993
2995
2996
2997
2998
3002
3003
3004
3005
3006
3007
3008
3010
3012
3013
3014
3015
3019
3023
3031
3036
3040
3042
3043
3047
3048
3049
3050
3051
3052
3053
3055
3056
3059
3062
3063
3069
3077
3082
3083
3084
3085
3088
3089
3090
3091
3092
3106
3111
3114
3117
3118
3119
3122
3123
3124
3127
3128
3129
3132
3143
3145
3146
3147
3149
3154
3156
3158
3163
3164
3165
3166
3167
3168
3169
3171
3172
3173
3177
3179
3181
3182
34
67
70
99
194
203
220
278
297
310
321
326
327
328
350
354
355
389
396
398
402
403
410
416
420
425
427
434
436
442
443
446
447
448
460
471
474
487
489
498
511
518
526
529
576
577
580
587
606
615
622
629
635
649
652
672
674
677
683
688
695
713
726
734
742
752
767
789
791
792
798
807
808
809
818
829
831
842
847
852
857
885
887
896
900
901
903
916
921
923
935
947
948
971
972
974
975
982
990
998
1004
1005
1011
1024
1027
1033
1044
1056
1058
1060
1065
1069
1070
1075
1079
1080
1082
1085
1087
1089
1097
1107
1119
1131
1143
1188
1192
1195
1202
1218
1223
1228
1237
1238
1251
1252
1258
1278
1280
1281
1292
1293
1297
1301
1305
1308
1309
1319
1320
1322
1344
1351
1352
1353
1357
1376
1392
1398
1411
1417
1418
1419
1420
1431
1452
1453
1455
1466
1477
1479
1485
1486
1499
1509
1517
1518
1534
1539
1543
1544
1546
1561
1564
1565
1573
1576
1578
1579
1592
1610
1621
1626
1627
1628
1629
1638
1646
1658
1659
1661
1662
1663
1666
1674
1675
1676
1678
1692
1693
1694
1695
1698
1699
1700
1706
1724
1742
1759
1769
1792
1797
1803
1806
1820
1824
1854
1860
1865
1874
1882
1884
1916
1917
1933
1941
1956
1960
1988
1990
1994
2008
2019
2024
2026
2027
2042
2044
2045
2058
2059
2060
2063
2066
2072
2085
2087
2104
2105
2112
2125
2136
2137
2139
2144
2162
2163
2164
2173
2184
2192
2195
2205
2212
2213
2217
2220
2222
2223
2225
2238
2246
2254
2263
2265
2266
2269
2278
2279
2309
2311
2316
2324
2363
2386
2389
2392
2394
2396
2401
2412
2416
2418
2423
2424
2426
2428
2435
2437
2438
2458
2459
2466
2469
2471
2476
2489
2492
2493
2500
2501
2509
2511
2516
2518
2523
2526
2529
2537
2547
2549
2550
2552
2556
2570
2573
2574
2583
2584
2592
2594
2599
2602
2611
2614
2619
2621
2626
2627
2632
2652
2661
2667
2669
2682
2684
2706
2707
2711
2728
2732
2739
2740
2747
2748
2751
2758
2772
2786
2791
2792
2802
2804
2822
2824
2826
2829
2834
2839
2840
2841
2849
2852
2862
2876
2892
2893
2901
2908
2915
2916
2918
2922
2932
2933
2935
2939
2944
2954
2960
2981
2986
2994
3011
3017
3018
3020
3025
3035
3039
3046
3054
3058
3060
3066
3067
3070
3071
3075
3076
3079
3095
3096
3097
3113
3121
3125
3133
3138
3140
3142
3148
3152
3161
3183
3184
95
131
140
161
162
165
169
205
212
221
272
273
283
291
309
319
356
384
385
388
412
414
433
435
444
494
499
521
524
535
550
552
554
565
616
619
639
676
678
702
704
712
719
722
731
745
763
799
803
804
820
848
850
879
910
922
926
927
938
943
977
988
999
1019
1028
1037
1041
1045
1063
1072
1081
1109
1124
1140
1158
1159
1164
1175
1177
1203
1247
1259
1270
1271
1283
1310
1312
1328
1334
1341
1356
1382
1385
1394
1396
1399
1407
1422
1435
1440
1465
1476
1513
1552
1563
1616
1619
1620
1630
1644
1654
1655
1656
1672
1677
1685
1689
1703
1704
1712
1722
1740
1752
1758
1781
1783
1804
1807
1814
1825
1829
1830
1837
1862
1863
1864
1885
1913
1914
1926
1931
1935
1936
1938
1945
1946
1957
1958
1968
1972
1975
1977
1978
1984
1987
1989
1995
1996
2015
2016
2030
2031
2043
2052
2076
2088
2115
2117
2118
2128
2131
2168
2170
2175
2187
2190
2193
2214
2224
2230
2248
2259
2272
2275
2276
2281
2320
2325
2327
2346
2367
2368
2421
2422
2425
2436
2439
2451
2453
2454
2463
2473
2477
2484
2491
2497
2508
2512
2513
2515
2519
2528
2538
2553
2568
2590
2595
2596
2600
2601
2604
2607
2608
2612
2617
2618
2620
2623
2624
2636
2637
2642
2644
2650
2664
2681
2687
2692
2703
2742
2755
2757
2760
2770
2794
2805
2807
2808
2809
2830
2842
2847
2855
2857
2861
2865
2872
2888
2891
2900
2911
2914
2928
2938
2947
2952
2953
2959
2969
2980
2982
2983
2984
2985
2999
3016
3021
3037
3041
3044
3045
3072
3080
3086
3087
3098
3105
3130
3131
3134
3135
3136
3150
3151
3157
3160
3178
274
281
289
292
293
294
299
300
665
860
898
904
944
952
1104
1165
1415
1713
2070
2147
2255
2336
3038
209
216
218
223
279
280
288
296
308
542
642
656
686
692
705
711
744
756
777
906
911
939
969
1088
1152
1190
1212
1256
1268
1279
1302
1330
1335
1345
1349
1370
1439
1470
1484
1487
1505
1522
1523
1535
1545
1574
1577
1599
1600
1606
1615
1641
1643
1650
1667
1697
1725
1753
1754
1768
1798
1799
1808
1815
1833
1836
1841
1842
1858
1877
1908
1940
1970
1983
2047
2061
2067
2084
2111
2138
2154
2177
2180
2191
2219
2234
2260
2264
2290
2302
2335
2398
2402
2434
2462
2495
2536
2544
2548
2579
2593
2622
2646
2658
2674
2676
2688
2691
2694
2695
2697
2717
2719
2722
2762
2768
2788
2806
2831
2881
2910
2912
2931
2942
2955
2967
2968
2979
2989
3024
3115
3120
3126
3144
3174
3176
339
345
380
465
470
475
510
513
574
584
585
611
670
721
729
732
746
780
784
811
849
882
929
1014
1016
1017
1018
1034
1086
1108
1117
1170
1171
1196
1211
1348
1355
1360
1371
1377
1423
1454
1471
1481
1491
1551
1559
1566
1597
1609
1668
1732
1733
1755
1756
1772
1831
1834
1907
1920
1939
1944
1993
2028
2057
2073
2114
2121
2153
2200
2229
2243
2244
2245
2249
2280
2285
2286
2317
2322
2332
2348
2349
2350
2356
2361
2362
2370
2371
2372
2393
2404
2440
2520
2521
2522
2534
2535
2569
2572
2628
2647
2648
2649
2671
2672
2689
2713
2715
2718
2724
2767
2769
2978
2990
2991
3068
3074
3112
3141
3153
3159
3175
480
536
549
1253
1389
1590
1596
1840
1896
1992
2143
2226
2381
2384
2576
2909
2927
2972
