pipolb_assoc_clu
0
1
2
3
4
5
6
7
8
9
10
11
12
13
14
15
16
17
18
19
20
21
22
23
24
25
26
27
28
29
30
31
32
34
35
36
37
38
39
40
41
42
43
44
45
46
47
48
49
50
51
52
53
54
55
56
57
58
59
60
61
62
63
64
65
67
68
70
71
72
73
74
75
76
77
78
79
80
81
82
83
84
85
86
87
88
89
90
91
92
93
95
96
97
99
100
101
102
103
104
105
106
107
108
109
110
111
112
113
114
115
116
117
118
119
120
121
122
123
124
125
126
127
128
129
132
133
134
135
136
137
138
140
141
142
143
144
145
146
147
148
149
150
151
152
153
154
155
156
157
158
159
162
163
165
166
167
169
170
171
172
173
174
175
176
177
178
179
180
181
182
183
184
185
186
187
189
190
191
192
194
195
196
197
198
199
200
201
203
205
206
207
210
212
213
214
216
218
221
223
224
225
265
266
267
268
269
270
274
275
276
285
286
289
294
297
300
301
302
303
304
305
306
310
311
312
313
315
316
317
319
321
322
323
324
328
329
330
331
332
333
334
335
336
339
340
343
345
346
348
350
351
352
356
357
358
359
360
361
362
363
364
365
366
367
368
369
370
371
372
373
374
375
376
377
378
380
381
382
385
386
389
390
391
392
393
394
396
398
399
400
403
404
405
406
407
408
410
412
414
416
417
418
420
421
422
423
425
427
428
429
430
431
436
437
438
439
440
444
448
449
450
451
452
453
454
455
456
457
458
460
461
462
463
465
466
467
468
472
475
476
477
480
481
482
483
484
485
487
489
490
491
492
494
495
496
499
500
501
502
503
504
505
506
507
508
511
513
514
515
516
518
519
521
522
524
526
527
529
530
531
532
533
536
537
538
539
540
542
543
545
546
547
550
552
554
555
556
557
558
559
560
561
562
563
565
566
567
568
569
570
571
572
574
577
578
580
581
582
585
587
588
589
590
591
592
593
594
595
596
597
598
599
600
601
602
603
604
606
607
608
609
612
613
616
617
619
620
622
623
624
625
627
629
630
631
632
635
636
637
639
642
647
650
652
654
656
657
658
659
660
661
662
663
665
666
667
668
670
672
674
678
679
680
681
683
684
686
688
689
690
692
693
695
696
697
698
699
700
702
705
706
707
708
709
713
714
715
716
717
719
722
723
724
726
727
729
732
734
736
737
738
739
740
742
746
747
748
750
752
753
754
756
757
758
759
760
761
763
764
765
767
768
769
770
771
772
773
774
775
777
778
781
782
784
785
786
787
789
792
793
794
795
796
799
800
801
804
805
809
811
813
814
815
816
818
820
821
822
823
824
825
826
827
829
831
832
833
834
835
836
837
838
839
840
842
843
844
845
850
853
854
855
857
858
860
861
862
863
864
865
866
867
868
869
870
871
872
873
874
875
876
879
880
882
883
887
888
889
890
891
892
893
894
896
898
904
908
911
912
913
914
916
917
918
919
923
927
929
930
931
932
933
935
936
939
940
941
944
945
949
950
952
953
954
955
956
957
958
959
960
961
962
963
964
965
966
967
969
972
975
977
978
979
980
982
983
984
985
986
988
990
991
992
993
994
995
996
999
1000
1001
1002
1005
1006
1007
1008
1009
1011
1012
1014
1020
1021
1022
1024
1025
1028
1029
1030
1031
1034
1035
1037
1038
1039
1041
1042
1045
1046
1047
1048
1049
1050
1051
1052
1053
1054
1056
1058
1060
1061
1063
1065
1066
1067
1070
1072
1073
1075
1076
1077
1082
1083
1089
1090
1091
1092
1093
1094
1095
1097
1098
1100
1101
1102
1104
1105
1109
1110
1111
1112
1113
1114
1115
1117
1119
1120
1121
1122
1125
1126
1127
1128
1129
1131
1132
1133
1134
1135
1136
1137
1138
1140
1141
1143
1144
1145
1146
1147
1148
1149
1150
1152
1153
1154
1155
1156
1159
1160
1161
1162
1165
1166
1167
1168
1171
1172
1173
1175
1177
1178
1179
1180
1181
1182
1183
1184
1185
1186
1188
1190
1192
1193
1196
1197
1198
1199
1200
1203
1204
1205
1206
1207
1208
1209
1212
1213
1214
1215
1216
1218
1219
1220
1221
1223
1224
1226
1228
1229
1230
1231
1232
1233
1234
1235
1239
1240
1241
1243
1244
1245
1247
1248
1253
1254
1256
1259
1260
1261
1262
1263
1264
1266
1271
1272
1273
1274
1275
1281
1283
1285
1288
1289
1290
1293
1294
1295
1297
1298
1299
1302
1303
1305
1306
1310
1312
1313
1314
1315
1316
1317
1320
1322
1323
1324
1325
1326
1328
1330
1331
1332
1335
1336
1337
1338
1339
1341
1342
1345
1346
1349
1353
1357
1358
1360
1361
1363
1365
1367
1368
1371
1372
1373
1374
1377
1378
1379
1380
1382
1383
1385
1386
1387
1389
1390
1392
1396
1400
1402
1404
1405
1407
1409
1411
1412
1413
1415
1420
1423
1425
1426
1427
1428
1429
1431
1432
1433
1435
1436
1437
1442
1443
1444
1445
1446
1447
1448
1449
1450
1455
1456
1457
1458
1459
1460
1461
1462
1463
1466
1467
1471
1472
1473
1474
1477
1479
1481
1482
1487
1488
1489
1491
1492
1493
1494
1495
1496
1499
1500
1501
1502
1505
1506
1507
1509
1510
1513
1514
1515
1520
1523
1524
1525
1526
1527
1528
1531
1532
1535
1536
1537
1539
1540
1541
1546
1547
1548
1549
1552
1554
1555
1556
1557
1559
1561
1566
1567
1574
1579
1580
1581
1582
1583
1584
1585
1588
1590
1592
1593
1594
1597
1600
1601
1604
1606
1610
1611
1612
1616
1617
1621
1622
1623
1624
1630
1632
1633
1634
1635
1636
1638
1639
1641
1644
1646
1647
1648
1650
1652
1656
1659
1663
1668
1669
1670
1672
1678
1679
1680
1681
1683
1685
1687
1689
1690
1695
1701
1704
1706
1707
1708
1710
1713
1714
1715
1717
1718
1719
1720
1722
1725
1726
1727
1728
1729
1730
1733
1734
1735
1736
1737
1740
1742
1743
1745
1746
1747
1748
1750
1756
1759
1762
1763
1764
1765
1766
1769
1770
1772
1773
1774
1775
1776
1777
1778
1779
1781
1783
1784
1785
1786
1787
1788
1789
1790
1794
1795
1799
1800
1801
1809
1810
1811
1812
1817
1818
1821
1822
1825
1826
1827
1831
1834
1837
1838
1842
1843
1844
1845
1846
1847
1848
1849
1850
1851
1852
1854
1856
1858
1860
1865
1866
1867
1868
1869
1870
1872
1874
1877
1878
1879
1880
1886
1887
1888
1889
1890
1891
1892
1893
1894
1896
1897
1898
1899
1900
1901
1902
1903
1904
1905
1909
1910
1911
1914
1917
1918
1920
1921
1923
1924
1926
1927
1928
1929
1931
1933
1936
1941
1946
1947
1948
1949
1950
1951
1952
1953
1954
1958
1960
1961
1962
1965
1966
1968
1970
1972
1975
1978
1979
1980
1984
1985
1990
1996
1997
1998
1999
2000
2001
2002
2003
2004
2005
2006
2009
2012
2013
2016
2017
2019
2020
2024
2028
2031
2033
2035
2037
2038
2039
2040
2045
2047
2048
2050
2053
2054
2061
2063
2064
2067
2068
2070
2074
2076
2077
2078
2081
2082
2085
2088
2089
2090
2091
2092
2093
2095
2096
2097
2098
2099
2100
2101
2102
2106
2107
2108
2109
2112
2115
2118
2125
2126
2128
2132
2133
2134
2139
2140
2141
2144
2145
2147
2148
2154
2155
2156
2157
2158
2159
2160
2166
2170
2171
2173
2177
2178
2180
2182
2184
2185
2188
2193
2195
2200
2202
2203
2206
2209
2210
2217
2220
2226
2227
2230
2231
2234
2235
2238
2239
2240
2249
2250
2251
2252
2255
2256
2257
2260
2261
2267
2269
2273
2276
2281
2282
2283
2286
2287
2288
2290
2291
2292
2293
2294
2295
2298
2299
2300
2302
2303
2304
2305
2306
2307
2311
2317
2318
2320
2322
2325
2327
2328
2330
2332
2336
2337
2338
2342
2343
2344
2346
2350
2353
2354
2356
2357
2358
2359
2363
2364
2365
2372
2373
2374
2375
2376
2377
2378
2379
2382
2386
2387
2389
2390
2394
2398
2399
2402
2405
2406
2407
2408
2409
2410
2412
2413
2414
2416
2418
2419
2426
2428
2429
2430
2431
2432
2441
2442
2443
2444
2445
2446
2447
2449
2451
2454
2456
2459
2463
2464
2466
2467
2469
2471
2473
2474
2477
2478
2479
2480
2481
2482
2484
2485
2486
2487
2493
2495
2501
2502
2504
2506
2509
2513
2516
2523
2524
2526
2529
2530
2531
2532
2539
2541
2542
2544
2545
2550
2553
2554
2556
2557
2558
2560
2561
2562
2563
2564
2565
2566
2570
2574
2576
2579
2581
2585
2586
2587
2590
2596
2597
2602
2604
2605
2608
2609
2612
2624
2628
2629
2630
2632
2633
2634
2637
2638
2639
2640
2642
2644
2650
2652
2654
2655
2656
2659
2662
2664
2667
2669
2672
2674
2676
2677
2678
2679
2684
2689
2695
2697
2698
2699
2700
2703
2704
2707
2708
2713
2715
2719
2720
2722
2725
2726
2728
2729
2730
2732
2733
2740
2742
2743
2744
2748
2749
2752
2753
2755
2758
2760
2763
2765
2772
2773
2774
2775
2776
2777
2778
2779
2780
2781
2782
2784
2786
2788
2789
2792
2794
2795
2796
2799
2800
2802
2809
2810
2811
2812
2813
2814
2815
2816
2817
2820
2824
2832
2835
2836
2837
2842
2843
2844
2845
2847
2849
2850
2852
2853
2855
2857
2859
2862
2863
2865
2866
2867
2872
2873
2881
2882
2885
2888
2893
2894
2895
2896
2897
2898
2901
2902
2903
2904
2905
2916
2918
2919
2920
2922
2928
2929
2935
2936
2939
2940
2944
2945
2955
2956
2957
2960
2961
2962
2963
2965
2969
2970
2972
2973
2974
2975
2986
2987
2991
2992
2994
2995
2996
2997
3001
3002
3003
3004
3005
3006
3007
3009
3011
3012
3013
3014
3018
3022
3030
3035
3039
3041
3042
3046
3047
3048
3049
3050
3051
3052
3054
3055
3058
3061
3062
3068
3076
3081
3082
3083
3084
3087
3088
3089
3090
3091
3105
3110
3113
3116
3117
3118
3121
3122
3123
3126
3127
3128
3131
3142
3144
3145
3146
3148
3153
3155
3157
3162
3163
3164
3165
3166
3167
3168
3170
3171
3172
3176
3178
3180
3181
33
66
69
98
193
202
219
277
296
309
320
325
326
327
349
353
354
388
395
397
401
402
409
415
419
424
426
433
435
441
442
445
446
447
459
470
473
486
488
497
510
517
525
528
575
576
579
586
605
614
621
628
634
648
651
671
673
676
682
687
694
712
725
733
741
751
766
788
790
791
797
806
807
808
817
828
830
841
846
851
856
884
886
895
899
900
902
915
920
922
934
946
947
970
971
973
974
981
989
997
1003
1004
1010
1023
1026
1032
1043
1055
1057
1059
1064
1068
1069
1074
1078
1079
1081
1084
1086
1088
1096
1106
1118
1130
1142
1187
1191
1194
1201
1217
1222
1227
1236
1237
1250
1251
1257
1277
1279
1280
1291
1292
1296
1300
1304
1307
1308
1318
1319
1321
1343
1350
1351
1352
1356
1375
1391
1397
1410
1416
1417
1418
1419
1430
1451
1452
1454
1465
1476
1478
1484
1485
1498
1508
1516
1517
1533
1538
1542
1543
1545
1560
1563
1564
1572
1575
1577
1578
1591
1609
1620
1625
1626
1627
1628
1637
1645
1657
1658
1660
1661
1662
1665
1673
1674
1675
1677
1691
1692
1693
1694
1697
1698
1699
1705
1723
1741
1758
1768
1791
1796
1802
1805
1819
1823
1853
1859
1864
1873
1881
1883
1915
1916
1932
1940
1955
1959
1987
1989
1993
2007
2018
2023
2025
2026
2041
2043
2044
2057
2058
2059
2062
2065
2071
2084
2086
2103
2104
2111
2124
2135
2136
2138
2143
2161
2162
2163
2172
2183
2191
2194
2204
2211
2212
2216
2219
2221
2222
2224
2237
2245
2253
2262
2264
2265
2268
2277
2278
2308
2310
2315
2323
2362
2385
2388
2391
2393
2395
2400
2411
2415
2417
2422
2423
2425
2427
2434
2436
2437
2457
2458
2465
2468
2470
2475
2488
2491
2492
2499
2500
2508
2510
2515
2517
2522
2525
2528
2536
2546
2548
2549
2551
2555
2569
2572
2573
2582
2583
2591
2593
2598
2601
2610
2613
2618
2620
2625
2626
2631
2651
2660
2666
2668
2681
2683
2705
2706
2710
2727
2731
2738
2739
2746
2747
2750
2757
2771
2785
2790
2791
2801
2803
2821
2823
2825
2828
2833
2838
2839
2840
2848
2851
2861
2875
2891
2892
2900
2907
2914
2915
2917
2921
2931
2932
2934
2938
2943
2953
2959
2980
2985
2993
3010
3016
3017
3019
3024
3034
3038
3045
3053
3057
3059
3065
3066
3069
3070
3074
3075
3078
3094
3095
3096
3112
3120
3124
3132
3137
3139
3141
3147
3151
3160
3182
3183
94
130
139
160
161
164
168
204
211
220
271
272
282
290
308
318
355
383
384
387
411
413
432
434
443
493
498
520
523
534
549
551
553
564
615
618
638
675
677
701
703
711
718
721
730
744
762
798
802
803
819
847
849
878
909
921
925
926
937
942
976
987
998
1018
1027
1036
1040
1044
1062
1071
1080
1108
1123
1139
1157
1158
1163
1174
1176
1202
1246
1258
1269
1270
1282
1309
1311
1327
1333
1340
1355
1381
1384
1393
1395
1398
1406
1421
1434
1439
1464
1475
1512
1551
1562
1615
1618
1619
1629
1643
1653
1654
1655
1671
1676
1684
1688
1702
1703
1711
1721
1739
1751
1757
1780
1782
1803
1806
1813
1824
1828
1829
1836
1861
1862
1863
1884
1912
1913
1925
1930
1934
1935
1937
1944
1945
1956
1957
1967
1971
1974
1976
1977
1983
1986
1988
1994
1995
2014
2015
2029
2030
2042
2051
2075
2087
2114
2116
2117
2127
2130
2167
2169
2174
2186
2189
2192
2213
2223
2229
2247
2258
2271
2274
2275
2280
2319
2324
2326
2345
2366
2367
2420
2421
2424
2435
2438
2450
2452
2453
2462
2472
2476
2483
2490
2496
2507
2511
2512
2514
2518
2527
2537
2552
2567
2589
2594
2595
2599
2600
2603
2606
2607
2611
2616
2617
2619
2622
2623
2635
2636
2641
2643
2649
2663
2680
2686
2691
2702
2741
2754
2756
2759
2769
2793
2804
2806
2807
2808
2829
2841
2846
2854
2856
2860
2864
2871
2887
2890
2899
2910
2913
2927
2937
2946
2951
2952
2958
2968
2979
2981
2982
2983
2984
2998
3015
3020
3036
3040
3043
3044
3071
3079
3085
3086
3097
3104
3129
3130
3133
3134
3135
3149
3150
3156
3159
3177
273
280
288
291
292
293
298
299
664
859
897
903
943
951
1103
1164
1414
1712
2069
2146
2254
2335
3037
208
215
217
222
278
279
287
295
307
541
641
655
685
691
704
710
743
755
776
905
910
938
968
1087
1151
1189
1211
1255
1267
1278
1301
1329
1334
1344
1348
1369
1438
1469
1483
1486
1504
1521
1522
1534
1544
1573
1576
1598
1599
1605
1614
1640
1642
1649
1666
1696
1724
1752
1753
1767
1797
1798
1807
1814
1832
1835
1840
1841
1857
1876
1907
1939
1969
1982
2046
2060
2066
2083
2110
2137
2153
2176
2179
2190
2218
2233
2259
2263
2289
2301
2334
2397
2401
2433
2461
2494
2535
2543
2547
2578
2592
2621
2645
2657
2673
2675
2687
2690
2693
2694
2696
2716
2718
2721
2761
2767
2787
2805
2830
2880
2909
2911
2930
2941
2954
2966
2967
2978
2988
3023
3114
3119
3125
3143
3173
3175
338
344
379
464
469
474
509
512
573
583
584
610
669
720
728
731
745
779
783
810
848
881
928
1013
1015
1016
1017
1033
1085
1107
1116
1169
1170
1195
1210
1347
1354
1359
1370
1376
1422
1453
1470
1480
1490
1550
1558
1565
1596
1608
1667
1731
1732
1754
1755
1771
1830
1833
1906
1919
1938
1943
1992
2027
2056
2072
2113
2120
2152
2199
2228
2242
2243
2244
2248
2279
2284
2285
2316
2321
2331
2347
2348
2349
2355
2360
2361
2369
2370
2371
2392
2403
2439
2519
2520
2521
2533
2534
2568
2571
2627
2646
2647
2648
2670
2671
2688
2712
2714
2717
2723
2766
2768
2977
2989
2990
3067
3073
3111
3140
3152
3158
3174
479
535
548
1252
1388
1589
1595
1839
1895
1991
2142
2225
2380
2383
2575
2908
2926
2971
